0.543791
0.543791
0.543791
0.543791
0.543791
0.543791
0.543791
0.543791
0.543791
0.543791
0.558170
0.558170
0.558170
0.558170
0.558170
0.556863
0.556863
0.556863
0.556863
0.559477
0.559477
0.559477
0.549020
0.549020
0.549020
0.573856
0.573856
0.545098
0.545098
0.529412
0.555556
0.555556
0.576471
0.573856
0.559477
0.569935
0.588235
0.593464
0.571242
0.588497
0.591176
0.591176
0.581326
0.585994
0.587219
0.578504
0.594211
0.572418
0.536780
0.502696
0.488725
0.466196
0.440196
0.425686
0.543791
0.549020
0.549020
0.549020
0.549020
0.549020
0.549020
0.549020
0.549020
0.549020
0.564706
0.564706
0.564706
0.564706
0.564706
0.564706
0.560784
0.560784
0.560784
0.546405
0.546405
0.546405
0.539869
0.539869
0.539869
0.560784
0.560784
0.562091
0.562091
0.572113
0.566449
0.566449
0.593028
0.597821
0.567320
0.569935
0.584314
0.581699
0.570261
0.547451
0.550140
0.559150
0.575817
0.585808
0.537255
0.539037
0.526560
0.541270
0.542857
0.558578
0.535025
0.544476
0.490430
0.460360
0.547712
0.547712
0.547712
0.547712
0.556863
0.556863
0.556863
0.556863
0.556863
0.556863
0.556863
0.556863
0.550327
0.550327
0.550327
0.550327
0.550327
0.545098
0.545098
0.534640
0.565577
0.565577
0.565577
0.594771
0.594771
0.594771
0.589543
0.589543
0.592157
0.576471
0.576471
0.569063
0.563399
0.544662
0.544662
0.526797
0.533006
0.567974
0.572985
0.542484
0.565033
0.577965
0.566885
0.548307
0.557423
0.555958
0.543464
0.533682
0.556863
0.536409
0.524118
0.528431
0.521272
0.524898
0.526797
0.526797
0.526797
0.526797
0.526797
0.526797
0.526797
0.533333
0.533333
0.533333
0.533333
0.533333
0.533333
0.533333
0.516776
0.516776
0.516776
0.516776
0.524183
0.524183
0.524183
0.524183
0.556863
0.556863
0.584314
0.584314
0.584314
0.591285
0.591285
0.555991
0.555120
0.555120
0.539434
0.521569
0.521242
0.520261
0.526013
0.517974
0.520915
0.488627
0.506754
0.521195
0.532244
0.555120
0.516153
0.521438
0.525892
0.517211
0.524987
0.519898
0.513971
0.517211
0.526513
0.514123
0.525490
0.522876
0.522876
0.522876
0.522876
0.522876
0.522876
0.522876
0.522876
0.522876
0.522876
0.518083
0.518083
0.518083
0.518083
0.518083
0.518083
0.517647
0.517647
0.517647
0.521569
0.535512
0.535512
0.535512
0.533769
0.533769
0.506754
0.506754
0.518954
0.518954
0.506209
0.506209
0.511111
0.487843
0.482789
0.494379
0.494379
0.496471
0.510364
0.508758
0.516667
0.529412
0.503595
0.518954
0.501438
0.507712
0.507407
0.508170
0.520362
0.543791
0.526178
0.510992
0.496732
0.504412
0.520261
0.520261
0.520261
0.520261
0.520261
0.520261
0.520261
0.520261
0.507190
0.496732
0.496732
0.496732
0.496732
0.496732
0.496732
0.494118
0.494118
0.494118
0.494118
0.494118
0.522876
0.522876
0.522876
0.530719
0.533333
0.533333
0.508932
0.509804
0.500218
0.500218
0.497604
0.497604
0.515468
0.502614
0.502614
0.502745
0.490196
0.485948
0.511895
0.496732
0.517647
0.547930
0.519826
0.513145
0.504813
0.489052
0.526275
0.504030
0.483224
0.485131
0.488532
0.480333
0.481330
0.483197
0.521569
0.521569
0.521569
0.521569
0.521569
0.513726
0.513726
0.513726
0.513726
0.513726
0.513726
0.513726
0.513726
0.513726
0.513726
0.513726
0.513726
0.505882
0.505882
0.507190
0.507190
0.507190
0.511111
0.522440
0.522440
0.522440
0.501525
0.501525
0.490196
0.481046
0.481046
0.497603
0.480174
0.500654
0.491939
0.483987
0.465359
0.500000
0.509020
0.490458
0.480784
0.492437
0.485528
0.476471
0.477996
0.503149
0.512157
0.487463
0.473116
0.471830
0.470665
0.458450
0.465762
0.474478
0.483660
0.483660
0.483660
0.503268
0.503268
0.503268
0.503268
0.503268
0.503268
0.503268
0.482353
0.482353
0.482353
0.482353
0.481046
0.481046
0.481046
0.466667
0.466667
0.466667
0.483660
0.494118
0.494118
0.494118
0.500654
0.505882
0.505882
0.501525
0.517647
0.484532
0.501961
0.488453
0.488889
0.493464
0.472331
0.464379
0.456863
0.456863
0.468758
0.486797
0.483878
0.477342
0.483370
0.474771
0.475033
0.466274
0.471133
0.477669
0.468845
0.467800
0.463437
0.460185
0.453042
0.447084
0.500654
0.496732
0.496732
0.496732
0.496732
0.496732
0.496732
0.496732
0.496732
0.496732
0.496732
0.487582
0.487582
0.487582
0.496732
0.496732
0.496732
0.483660
0.483660
0.483660
0.477124
0.488889
0.488889
0.488889
0.488889
0.498911
0.498911
0.483660
0.506863
0.492810
0.492810
0.474510
0.474510
0.450000
0.459695
0.443137
0.459608
0.462745
0.472549
0.488671
0.479739
0.456209
0.447806
0.441503
0.454031
0.450588
0.443464
0.426580
0.465011
0.447059
0.426374
0.432111
0.434385
0.427764
0.500654
0.500654
0.500654
0.500654
0.500654
0.488889
0.488889
0.488889
0.488889
0.488889
0.488889
0.488889
0.488889
0.466667
0.466667
0.469281
0.469281
0.469281
0.473203
0.473203
0.473203
0.473203
0.477778
0.477778
0.477778
0.456209
0.456209
0.456209
0.456209
0.457516
0.474510
0.461438
0.467974
0.466993
0.484967
0.467451
0.444880
0.465795
0.460131
0.450545
0.447059
0.443355
0.455120
0.453159
0.439608
0.433630
0.426263
0.431016
0.447876
0.431209
0.438831
0.443760
0.434092
0.426672
0.517647
0.517647
0.509804
0.509804
0.509804
0.509804
0.509804
0.509804
0.509804
0.481046
0.481046
0.481046
0.481046
0.481046
0.481046
0.465359
0.465359
0.465359
0.469281
0.473203
0.473203
0.473203
0.473203
0.484967
0.484967
0.473856
0.473856
0.471895
0.471895
0.471895
0.464052
0.469281
0.464052
0.466340
0.448366
0.460131
0.450980
0.449237
0.455686
0.461438
0.443791
0.440850
0.449183
0.449860
0.448841
0.432323
0.430303
0.446514
0.433987
0.442157
0.433218
0.438627
0.435395
0.428190
0.503268
0.503268
0.503268
0.503268
0.503268
0.464052
0.481046
0.481046
0.481046
0.481046
0.481046
0.481046
0.481046
0.458824
0.458824
0.458824
0.458824
0.462745
0.462745
0.462745
0.462745
0.481046
0.477996
0.477996
0.475381
0.475381
0.465359
0.465359
0.447059
0.462745
0.467102
0.463181
0.463181
0.470588
0.456209
0.458170
0.483224
0.464837
0.458497
0.447059
0.452848
0.458388
0.468301
0.448739
0.447432
0.446465
0.446569
0.449860
0.449183
0.467712
0.448572
0.424732
0.440837
0.438354
0.498039
0.498039
0.473203
0.473203
0.473203
0.473203
0.473203
0.473203
0.473203
0.473203
0.473203
0.473203
0.473203
0.454902
0.454902
0.454902
0.465359
0.465359
0.465359
0.465359
0.484967
0.484967
0.484967
0.480610
0.480610
0.466231
0.466231
0.456209
0.456209
0.459804
0.459804
0.464924
0.444880
0.433987
0.448366
0.437909
0.466144
0.456536
0.454575
0.445425
0.445191
0.449237
0.448856
0.451797
0.462092
0.442992
0.442534
0.435621
0.429085
0.430428
0.442774
0.440336
0.444608
0.439134
0.494118
0.477124
0.477124
0.477124
0.477124
0.477124
0.477124
0.477124
0.477124
0.477124
0.483660
0.483660
0.483660
0.483660
0.483660
0.491503
0.491503
0.491503
0.491503
0.477560
0.477560
0.477560
0.476253
0.476253
0.476253
0.473638
0.473638
0.464924
0.464924
0.467974
0.470588
0.470588
0.458388
0.447495
0.448802
0.444444
0.446187
0.454466
0.462309
0.457255
0.461002
0.469281
0.449673
0.453221
0.457890
0.466830
0.456863
0.439015
0.444880
0.478257
0.451447
0.432680
0.447855
0.420703
0.494118
0.477124
0.477124
0.477124
0.477124
0.477124
0.477124
0.477124
0.477124
0.477124
0.483660
0.483660
0.483660
0.483660
0.483660
0.491503
0.491503
0.491503
0.491503
0.477560
0.477560
0.477560
0.476253
0.476253
0.476253
0.473638
0.473638
0.464924
0.464924
0.475817
0.466667
0.466667
0.461438
0.472767
0.456645
0.450980
0.455229
0.463072
0.468627
0.454342
0.455556
0.471895
0.463866
0.455817
0.457026
0.443137
0.449412
0.458660
0.491384
0.496405
0.459232
0.444248
0.462987
0.436869
0.482353
0.482353
0.490196
0.490196
0.490196
0.490196
0.490196
0.490196
0.490196
0.490196
0.490196
0.494118
0.494118
0.490196
0.490196
0.490196
0.483224
0.483224
0.483224
0.483224
0.479739
0.479739
0.479739
0.474510
0.474510
0.471895
0.471895
0.473203
0.473203
0.484967
0.484967
0.471460
0.474946
0.464706
0.458170
0.464052
0.471111
0.480065
0.476144
0.459477
0.460691
0.452070
0.457807
0.467320
0.468464
0.474655
0.485671
0.443494
0.457598
0.466391
0.446164
0.458942
0.471187
0.437446
0.474510
0.474510
0.474510
0.474510
0.474510
0.498039
0.498039
0.498039
0.498039
0.498039
0.498039
0.498039
0.498039
0.475817
0.475817
0.475817
0.475817
0.467974
0.467974
0.467974
0.467974
0.471895
0.469281
0.469281
0.464924
0.464924
0.458824
0.458824
0.476688
0.467974
0.464924
0.467974
0.467974
0.473203
0.467647
0.457190
0.458388
0.454640
0.473856
0.485185
0.467227
0.460566
0.476751
0.499673
0.488889
0.474391
0.461765
0.454989
0.454167
0.465453
0.450292
0.453281
0.454327
0.423996
0.488889
0.488889
0.499346
0.499346
0.499346
0.499346
0.499346
0.499346
0.499346
0.481046
0.481046
0.481046
0.481046
0.481046
0.481046
0.466667
0.466667
0.466667
0.470588
0.455338
0.455338
0.455338
0.455338
0.453595
0.453595
0.457081
0.457081
0.465359
0.465359
0.470588
0.481046
0.466231
0.475817
0.482353
0.481046
0.462309
0.466928
0.471024
0.465621
0.466231
0.454684
0.471242
0.497876
0.497106
0.491765
0.469150
0.465098
0.440632
0.448646
0.435140
0.442445
0.458637
0.460835
0.434738
0.499346
0.499346
0.499346
0.499346
0.499346
0.483660
0.483660
0.483660
0.483660
0.483660
0.483660
0.483660
0.483660
0.477124
0.477124
0.467974
0.467974
0.467974
0.467974
0.467974
0.467974
0.467974
0.464052
0.464052
0.464052
0.460566
0.460566
0.460566
0.460566
0.473203
0.474510
0.483660
0.479739
0.460131
0.457952
0.466667
0.467974
0.477124
0.457952
0.462091
0.481830
0.466885
0.465142
0.489470
0.475223
0.449782
0.433769
0.450763
0.466585
0.453682
0.463130
0.468908
0.472366
0.447440
0.499346
0.488889
0.488889
0.488889
0.488889
0.488889
0.488889
0.488889
0.488889
0.488889
0.488889
0.466667
0.466667
0.466667
0.477124
0.477124
0.477124
0.464052
0.464052
0.464052
0.458824
0.471024
0.471024
0.471024
0.471024
0.477124
0.477124
0.480610
0.491503
0.481481
0.481481
0.497059
0.497059
0.486275
0.466993
0.481046
0.465359
0.477778
0.484444
0.497255
0.487395
0.452941
0.478214
0.492484
0.463529
0.457255
0.452396
0.455011
0.465272
0.456064
0.491213
0.479739
0.459506
0.431856
0.495425
0.495425
0.495425
0.484967
0.484967
0.484967
0.484967
0.484967
0.484967
0.484967
0.498039
0.498039
0.498039
0.498039
0.503268
0.503268
0.503268
0.481046
0.481046
0.481046
0.477124
0.467974
0.467974
0.467974
0.495425
0.492810
0.492810
0.487582
0.491939
0.499346
0.496296
0.469281
0.483660
0.470588
0.485403
0.478431
0.465686
0.465686
0.471111
0.473464
0.491503
0.491242
0.478301
0.473072
0.463399
0.473203
0.453464
0.446296
0.460566
0.458388
0.463317
0.475132
0.448039
0.436685
0.465359
0.465359
0.465359
0.465359
0.465359
0.471895
0.471895
0.471895
0.471895
0.491503
0.491503
0.491503
0.491503
0.491503
0.474510
0.474510
0.474510
0.481046
0.481046
0.495425
0.495425
0.495425
0.496732
0.509804
0.509804
0.509804
0.498911
0.498911
0.503268
0.497168
0.497168
0.481699
0.477124
0.466667
0.477124
0.476471
0.465359
0.470588
0.476601
0.478867
0.475163
0.476634
0.496359
0.479739
0.477996
0.497516
0.463660
0.463725
0.456558
0.468889
0.484532
0.463017
0.438925
0.441888
0.478431
0.478431
0.478431
0.478431
0.478431
0.478431
0.478431
0.478431
0.486275
0.475817
0.475817
0.475817
0.475817
0.475817
0.475817
0.471895
0.471895
0.471895
0.470588
0.470588
0.486275
0.486275
0.486275
0.501961
0.515468
0.515468
0.505882
0.508061
0.504575
0.504575
0.476863
0.476863
0.479739
0.485948
0.485948
0.479477
0.487582
0.487320
0.483442
0.498911
0.493537
0.499346
0.475599
0.478286
0.479608
0.486835
0.460675
0.454684
0.479085
0.489935
0.470766
0.454961
0.473312
0.452538
0.484967
0.479739
0.479739
0.479739
0.479739
0.479739
0.479739
0.479739
0.479739
0.479739
0.479739
0.484967
0.484967
0.484967
0.484967
0.484967
0.484967
0.469281
0.469281
0.469281
0.475817
0.494118
0.494118
0.494118
0.507190
0.507190
0.510131
0.510131
0.504575
0.504575
0.496405
0.496405
0.477124
0.480523
0.486275
0.494444
0.494444
0.502745
0.511329
0.504793
0.501634
0.483824
0.480112
0.479552
0.497516
0.491242
0.473203
0.477956
0.484532
0.491811
0.459787
0.450149
0.475817
0.462292
0.481046
0.481046
0.481046
0.481046
0.481046
0.481046
0.481046
0.469281
0.469281
0.469281
0.469281
0.469281
0.469281
0.469281
0.469717
0.469717
0.469717
0.469717
0.483224
0.483224
0.483224
0.483224
0.487582
0.487582
0.490523
0.490523
0.490523
0.499346
0.499346
0.499608
0.494989
0.494989
0.515033
0.490980
0.494444
0.498039
0.483878
0.488235
0.505882
0.495207
0.496732
0.479248
0.480486
0.479216
0.495915
0.507680
0.491036
0.503377
0.498880
0.496078
0.473638
0.473714
0.476840
0.483007
0.491503
0.491503
0.491503
0.491503
0.484967
0.484967
0.484967
0.484967
0.484967
0.484967
0.484967
0.484967
0.475817
0.475817
0.475817
0.475817
0.475817
0.479739
0.479739
0.478867
0.478431
0.478431
0.478431
0.484532
0.484532
0.484532
0.485839
0.485839
0.484967
0.483333
0.483333
0.506754
0.499346
0.484967
0.484967
0.496209
0.490523
0.498039
0.498257
0.500000
0.499346
0.509244
0.485185
0.488532
0.483287
0.488295
0.492484
0.514336
0.503570
0.538101
0.513725
0.504077
0.492335
0.491252
0.498039
0.498039
0.498039
0.498039
0.498039
0.498039
0.498039
0.498039
0.498039
0.498039
0.482353
0.482353
0.482353
0.482353
0.482353
0.482353
0.488889
0.488889
0.488889
0.494553
0.494553
0.494553
0.508061
0.508061
0.508061
0.515468
0.515468
0.504575
0.504575
0.495752
0.497168
0.497168
0.488453
0.482789
0.493682
0.498475
0.498039
0.503268
0.491503
0.479477
0.517087
0.533987
0.501144
0.516340
0.492624
0.492997
0.487872
0.499584
0.492250
0.513889
0.502883
0.504139
0.502954
0.506552
0.487582
0.479739
0.479739
0.479739
0.479739
0.479739
0.479739
0.479739
0.479739
0.479739
0.473203
0.473203
0.473203
0.473203
0.473203
0.488889
0.488889
0.488889
0.488889
0.490196
0.490196
0.490196
0.498039
0.498039
0.498039
0.508497
0.508497
0.504575
0.504575
0.491503
0.489325
0.489325
0.501089
0.494989
0.478867
0.485403
0.492810
0.494553
0.497168
0.495425
0.521895
0.515686
0.515219
0.515966
0.515759
0.508932
0.495715
0.509502
0.525134
0.501471
0.524346
0.530039
0.532026
0.517582
0.484967
0.475817
0.475817
0.475817
0.475817
0.475817
0.475817
0.475817
0.475817
0.475817
0.478431
0.478431
0.478431
0.478431
0.478431
0.478431
0.488889
0.488889
0.488889
0.478431
0.478431
0.478431
0.492810
0.492810
0.492810
0.511111
0.511111
0.516340
0.516340
0.507625
0.506318
0.506318
0.513290
0.518083
0.505556
0.499673
0.500980
0.496078
0.479085
0.480000
0.492810
0.497059
0.500490
0.525677
0.523312
0.532264
0.516696
0.522409
0.527077
0.525572
0.531796
0.532835
0.533660
0.546765
0.503268
0.503268
0.503268
0.503268
0.491503
0.491503
0.491503
0.491503
0.491503
0.491503
0.491503
0.491503
0.490196
0.490196
0.490196
0.490196
0.490196
0.495425
0.495425
0.508497
0.478867
0.478867
0.478867
0.494118
0.494118
0.494118
0.525490
0.525490
0.502397
0.500000
0.500000
0.496732
0.482353
0.482789
0.482789
0.470915
0.507190
0.511438
0.523094
0.510327
0.491176
0.492063
0.494118
0.500535
0.521382
0.530618
0.544935
0.570545
0.571678
0.531642
0.535490
0.541176
0.563577
0.558071
0.500654
0.500654
0.500654
0.500654
0.500654
0.500654
0.500654
0.492810
0.492810
0.492810
0.492810
0.492810
0.492810
0.492810
0.512854
0.512854
0.512854
0.512854
0.501961
0.501961
0.501961
0.501961
0.477124
0.477124
0.485403
0.485403
0.485403
0.511547
0.511547
0.503268
0.499346
0.499346
0.501961
0.508824
0.489216
0.495425
0.512680
0.506536
0.520588
0.516863
0.512418
0.514659
0.521569
0.498184
0.498413
0.511111
0.536048
0.563072
0.567220
0.565432
0.572631
0.577560
0.575220
0.565331
0.522876
0.504575
0.504575
0.504575
0.504575
0.504575
0.504575
0.504575
0.504575
0.504575
0.504575
0.500218
0.500218
0.500218
0.500218
0.500218
0.500218
0.518954
0.518954
0.518954
0.503268
0.516776
0.516776
0.516776
0.491503
0.491503
0.487582
0.487582
0.486710
0.486710
0.506536
0.506536
0.512418
0.504052
0.488889
0.510588
0.510588
0.507974
0.509991
0.521569
0.516340
0.516993
0.507026
0.507353
0.513726
0.530719
0.535403
0.535621
0.533032
0.556618
0.573787
0.582412
0.593277
0.619036
0.522876
0.522876
0.522876
0.522876
0.522876
0.522876
0.522876
0.522876
0.504575
0.511111
0.511111
0.511111
0.511111
0.511111
0.511111
0.494118
0.494118
0.494118
0.495425
0.495425
0.492810
0.492810
0.492810
0.512418
0.512418
0.512418
0.519826
0.528105
0.508061
0.508061
0.515033
0.515033
0.517211
0.501634
0.501634
0.506144
0.500218
0.503922
0.510588
0.513399
0.511402
0.522004
0.530065
0.552796
0.538206
0.537745
0.531634
0.526362
0.538272
0.542484
0.546465
0.549673
0.566581
0.595234
0.529412
0.529412
0.529412
0.529412
0.529412
0.526797
0.526797
0.526797
0.526797
0.525490
0.525490
0.525490
0.525490
0.525490
0.512418
0.512418
0.512418
0.503268
0.503268
0.504575
0.504575
0.504575
0.513726
0.516776
0.516776
0.516776
0.526797
0.526797
0.529848
0.528105
0.528105
0.526797
0.534641
0.534640
0.530283
0.526797
0.545098
0.522549
0.529935
0.539346
0.526275
0.535387
0.532586
0.549237
0.557298
0.551990
0.560523
0.566845
0.569935
0.564444
0.572165
0.562963
0.568678
0.582975
0.534640
0.534640
0.534640
0.532026
0.532026
0.532026
0.532026
0.532026
0.532026
0.532026
0.524183
0.524183
0.524183
0.524183
0.511111
0.511111
0.511111
0.525490
0.525490
0.525490
0.507190
0.542484
0.542484
0.542484
0.538562
0.534640
0.534640
0.526797
0.537255
0.530719
0.551634
0.535512
0.549455
0.543791
0.557298
0.565686
0.543464
0.543464
0.558693
0.553987
0.543791
0.557734
0.560494
0.575033
0.568366
0.584444
0.583878
0.590632
0.585011
0.601307
0.601230
0.602015
0.618753
0.626092
0.541176
0.538562
0.538562
0.538562
0.538562
0.538562
0.538562
0.538562
0.538562
0.538562
0.538562
0.546405
0.546405
0.546405
0.551634
0.551634
0.551634
0.566013
0.566013
0.566013
0.554248
0.522876
0.522876
0.522876
0.522876
0.522440
0.522440
0.547712
0.557516
0.550327
0.550327
0.563399
0.563399
0.546078
0.550762
0.551634
0.556863
0.575599
0.561220
0.543137
0.572985
0.602832
0.586368
0.585948
0.611039
0.599869
0.593355
0.593464
0.606274
0.596369
0.603998
0.610173
0.609435
0.649446
0.541176
0.541176
0.541176
0.541176
0.541176
0.558170
0.558170
0.558170
0.558170
0.558170
0.558170
0.558170
0.558170
0.562091
0.562091
0.545098
0.545098
0.545098
0.543791
0.543791
0.543791
0.543791
0.523856
0.523856
0.523856
0.539869
0.539869
0.563834
0.563834
0.562091
0.556863
0.575163
0.579085
0.556863
0.584314
0.599477
0.615251
0.595425
0.578649
0.587146
0.613508
0.601743
0.599346
0.607117
0.600392
0.612240
0.599881
0.602971
0.602124
0.593464
0.620607
0.623343
0.605229
0.588124
0.580392
0.580392
0.563399
0.563399
0.563399
0.563399
0.563399
0.563399
0.563399
0.568627
0.568627
0.568627
0.568627
0.568627
0.568627
0.552941
0.552941
0.552941
0.560784
0.549891
0.549891
0.549891
0.549891
0.556863
0.556863
0.538562
0.538562
0.576471
0.576471
0.581699
0.580719
0.571242
0.552941
0.576471
0.561438
0.576471
0.589020
0.592593
0.594510
0.610240
0.581917
0.583333
0.604085
0.599253
0.610814
0.621747
0.598693
0.591285
0.601207
0.609314
0.582161
0.568627
0.579638
0.639415
0.584314
0.584314
0.584314
0.584314
0.584314
0.580392
0.567320
0.567320
0.567320
0.567320
0.567320
0.567320
0.567320
0.541176
0.541176
0.541176
0.541176
0.541176
0.541176
0.541176
0.541176
0.560784
0.560784
0.560784
0.549020
0.549020
0.576471
0.576471
0.613072
0.576035
0.597386
0.569063
0.569063
0.571242
0.581176
0.592484
0.592157
0.634510
0.644118
0.619390
0.585247
0.605229
0.606046
0.576471
0.587115
0.595128
0.616667
0.587768
0.571242
0.570806
0.558308
0.588863
0.617464
0.602822
0.564706
0.564706
0.577778
0.577778
0.577778
0.577778
0.577778
0.577778
0.577778
0.577778
0.577778
0.593464
0.593464
0.562091
0.562091
0.562091
0.549020
0.549020
0.549020
0.549020
0.559477
0.559477
0.559477
0.569935
0.569935
0.606972
0.606972
0.623529
0.623529
0.614052
0.614052
0.618301
0.618301
0.603050
0.611765
0.637909
0.634771
0.628105
0.618954
0.600327
0.608217
0.627669
0.626144
0.611928
0.596405
0.585330
0.565209
0.556536
0.550000
0.555338
0.590269
0.603548
0.554357
0.577587
0.556863
0.579085
0.579085
0.579085
0.579085
0.579085
0.579085
0.579085
0.579085
0.579085
0.616993
0.616993
0.616993
0.616993
0.616993
0.589107
0.589107
0.589107
0.589107
0.576906
0.576906
0.576906
0.603486
0.603486
0.603486
0.619608
0.619608
0.605665
0.605665
0.598257
0.628322
0.628322
0.631808
0.614815
0.626580
0.623965
0.614379
0.593464
0.599564
0.620915
0.645316
0.785621
0.902147
0.608964
0.556116
0.540686
0.538889
0.546305
0.565723
0.574815
0.570121
0.547647
0.507417
0.603639
0.556863
0.579085
0.579085
0.579085
0.579085
0.579085
0.579085
0.579085
0.579085
0.579085
0.616993
0.616993
0.616993
0.616993
0.616993
0.589107
0.589107
0.589107
0.589107
0.576906
0.576906
0.576906
0.603486
0.603486
0.603486
0.619608
0.619608
0.605665
0.605665
0.603050
0.618736
0.618736
0.620915
0.607843
0.598693
0.573856
0.587255
0.608497
0.606536
0.677124
0.858497
0.961111
0.829879
0.568366
0.540196
0.529804
0.539346
0.551552
0.569459
0.571732
0.536111
0.491373
0.503559
0.597772
0.577778
0.577778
0.590850
0.590850
0.590850
0.590850
0.590850
0.590850
0.590850
0.590850
0.590850
0.611765
0.611765
0.588235
0.588235
0.588235
0.572549
0.572549
0.572549
0.572549
0.577778
0.577778
0.577778
0.615251
0.615251
0.619608
0.619608
0.618301
0.618301
0.604793
0.604793
0.601743
0.590850
0.580392
0.608497
0.613943
0.632418
0.661765
0.734640
0.880065
0.957236
0.689325
0.570516
0.536438
0.522222
0.524619
0.551533
0.566013
0.566748
0.528449
0.488958
0.471301
0.534041
0.592293
0.594771
0.594771
0.594771
0.594771
0.594771
0.596078
0.558170
0.558170
0.558170
0.558170
0.558170
0.558170
0.558170
0.575163
0.575163
0.575163
0.575163
0.584314
0.584314
0.584314
0.584314
0.613072
0.626144
0.626144
0.613072
0.613072
0.600871
0.600871
0.584314
0.588235
0.591721
0.582135
0.582135
0.548148
0.550980
0.580065
0.616558
0.705098
0.876471
0.975163
0.735761
0.570806
0.534267
0.519935
0.523623
0.525728
0.552451
0.556514
0.550735
0.507283
0.470588
0.461490
0.538405
0.559041
0.564706
0.564706
0.573856
0.573856
0.573856
0.573856
0.573856
0.573856
0.573856
0.581699
0.581699
0.581699
0.581699
0.581699
0.581699
0.607843
0.607843
0.607843
0.632680
0.619608
0.619608
0.619608
0.619608
0.615686
0.615686
0.580392
0.580392
0.586928
0.586928
0.601307
0.583007
0.608715
0.580392
0.576471
0.574837
0.563834
0.641307
0.721569
0.937255
0.902179
0.566013
0.557843
0.525654
0.521008
0.516601
0.526536
0.550327
0.553922
0.538469
0.493887
0.474125
0.449486
0.507843
0.519121
0.586928
0.573856
0.573856
0.573856
0.573856
0.586928
0.586928
0.586928
0.586928
0.586928
0.586928
0.586928
0.586928
0.614379
0.614379
0.597386
0.597386
0.597386
0.631373
0.631373
0.631373
0.631373
0.613072
0.613072
0.613072
0.606100
0.606100
0.600872
0.600872
0.592593
0.589542
0.595643
0.618736
0.617429
0.621351
0.651242
0.672331
0.890196
0.970806
0.821133
0.580654
0.551198
0.514597
0.519971
0.512537
0.524837
0.539325
0.554684
0.540359
0.490632
0.468205
0.448117
0.472941
0.473829
0.573856
0.567320
0.567320
0.567320
0.567320
0.567320
0.567320
0.567320
0.567320
0.567320
0.567320
0.567320
0.567320
0.567320
0.575163
0.575163
0.575163
0.597386
0.597386
0.597386
0.602614
0.626580
0.626580
0.626580
0.626580
0.649237
0.649237
0.638780
0.615686
0.587364
0.587364
0.592484
0.592484
0.590523
0.636928
0.633551
0.685490
0.804575
0.961569
0.818562
0.586181
0.527451
0.508061
0.497712
0.521177
0.518170
0.526253
0.541721
0.533072
0.505737
0.471242
0.443421
0.441716
0.460614
0.575163
0.575163
0.575163
0.585621
0.585621
0.585621
0.585621
0.585621
0.585621
0.585621
0.586928
0.586928
0.586928
0.586928
0.601307
0.601307
0.601307
0.584314
0.584314
0.584314
0.590850
0.606536
0.606536
0.606536
0.619608
0.633551
0.633551
0.640523
0.634858
0.639216
0.610893
0.623529
0.591721
0.600000
0.596078
0.649673
0.692810
0.692810
0.934118
0.936732
0.673464
0.531503
0.521438
0.510458
0.503268
0.511765
0.509020
0.519390
0.524793
0.522266
0.490033
0.452848
0.439107
0.448839
0.581699
0.581699
0.581699
0.581699
0.581699
0.585621
0.585621
0.585621
0.585621
0.594771
0.594771
0.594771
0.594771
0.594771
0.585621
0.585621
0.585621
0.593464
0.593464
0.596078
0.596078
0.596078
0.600000
0.613072
0.613072
0.613072
0.636165
0.636165
0.624837
0.642702
0.642702
0.632026
0.601307
0.623856
0.610022
0.614052
0.614052
0.591721
0.827712
0.972549
0.805229
0.561601
0.530532
0.510675
0.493537
0.490458
0.479085
0.503922
0.528105
0.527647
0.502542
0.463562
0.442886
0.431431
0.564706
0.564706
0.564706
0.564706
0.564706
0.564706
0.564706
0.564706
0.571242
0.573856
0.573856
0.573856
0.573856
0.573856
0.573856
0.577778
0.577778
0.577778
0.607843
0.607843
0.609150
0.609150
0.609150
0.602614
0.604357
0.604357
0.616993
0.611765
0.586928
0.586928
0.601830
0.601830
0.607843
0.623856
0.623856
0.607582
0.583007
0.603137
0.733769
0.718519
0.839651
0.646841
0.534640
0.514306
0.506144
0.501961
0.504793
0.497495
0.517139
0.513290
0.516994
0.489325
0.453124
0.427025
0.580392
0.598693
0.598693
0.598693
0.598693
0.598693
0.598693
0.598693
0.598693
0.598693
0.598693
0.563399
0.563399
0.563399
0.563399
0.563399
0.563399
0.562091
0.562091
0.562091
0.585621
0.571242
0.571242
0.571242
0.576471
0.576471
0.593791
0.593791
0.575163
0.575163
0.570588
0.570588
0.569935
0.600261
0.611765
0.616993
0.616993
0.614902
0.627669
0.607190
0.583987
0.571078
0.527171
0.510738
0.521176
0.501699
0.483185
0.491147
0.501743
0.512803
0.506708
0.506892
0.482353
0.450500
0.594771
0.594771
0.594771
0.594771
0.594771
0.594771
0.594771
0.598693
0.598693
0.598693
0.598693
0.598693
0.598693
0.598693
0.586492
0.586492
0.586492
0.586492
0.572113
0.572113
0.572113
0.572113
0.584314
0.584314
0.571242
0.571242
0.571242
0.572549
0.572549
0.594771
0.606100
0.606100
0.628758
0.625360
0.626471
0.593464
0.587364
0.573856
0.566013
0.616558
0.625055
0.578105
0.556863
0.535294
0.524510
0.513235
0.490009
0.476688
0.473109
0.496296
0.485665
0.497244
0.504803
0.485337
0.534640
0.534640
0.534640
0.534640
0.535948
0.535948
0.535948
0.535948
0.535948
0.535948
0.535948
0.535948
0.560784
0.560784
0.560784
0.560784
0.560784
0.571242
0.571242
0.598257
0.573856
0.573856
0.573856
0.590414
0.590414
0.590414
0.600000
0.600000
0.597386
0.613399
0.613399
0.627887
0.620044
0.610458
0.610458
0.621438
0.607516
0.598693
0.584967
0.592810
0.612418
0.599440
0.618083
0.578134
0.532773
0.520856
0.497876
0.504924
0.491101
0.475125
0.465359
0.468908
0.470113
0.469909
0.511111
0.517647
0.517647
0.517647
0.517647
0.517647
0.517647
0.517647
0.517647
0.517647
0.530719
0.530719
0.530719
0.530719
0.530719
0.530719
0.555556
0.555556
0.555556
0.561656
0.561656
0.561656
0.548584
0.548584
0.548584
0.552070
0.552070
0.543791
0.543791
0.564183
0.573203
0.573203
0.593137
0.611111
0.599346
0.568627
0.570915
0.585948
0.577124
0.575163
0.590289
0.586928
0.598529
0.593651
0.598693
0.563305
0.513963
0.528852
0.511765
0.484559
0.468589
0.453035
0.441830
0.433126
