          5.437910e-01
          5.437910e-01
          5.437910e-01
          5.437910e-01
          5.437910e-01
          5.437910e-01
          5.437910e-01
          5.437910e-01
          5.437910e-01
          5.437910e-01
          5.581700e-01
          5.581700e-01
          5.581700e-01
          5.581700e-01
          5.581700e-01
          5.568630e-01
          5.568630e-01
          5.568630e-01
          5.568630e-01
          5.594770e-01
          5.594770e-01
          5.594770e-01
          5.490200e-01
          5.490200e-01
          5.490200e-01
          5.738560e-01
          5.738560e-01
          5.450980e-01
          5.450980e-01
          5.294120e-01
          5.555560e-01
          5.555560e-01
          5.764710e-01
          5.738560e-01
          5.594770e-01
          5.699350e-01
          5.882350e-01
          5.934640e-01
          5.712420e-01
          5.884970e-01
          5.911760e-01
          5.911760e-01
          5.813260e-01
          5.859940e-01
          5.872190e-01
          5.785040e-01
          5.942110e-01
          5.724180e-01
          5.367800e-01
          5.026960e-01
          4.887250e-01
          4.661960e-01
          4.401960e-01
          4.256860e-01
          5.437910e-01
          5.490200e-01
          5.490200e-01
          5.490200e-01
          5.490200e-01
          5.490200e-01
          5.490200e-01
          5.490200e-01
          5.490200e-01
          5.490200e-01
          5.647060e-01
          5.647060e-01
          5.647060e-01
          5.647060e-01
          5.647060e-01
          5.647060e-01
          5.607840e-01
          5.607840e-01
          5.607840e-01
          5.464050e-01
          5.464050e-01
          5.464050e-01
          5.398690e-01
          5.398690e-01
          5.398690e-01
          5.607840e-01
          5.607840e-01
          5.620910e-01
          5.620910e-01
          5.721130e-01
          5.664490e-01
          5.664490e-01
          5.930280e-01
          5.978210e-01
          5.673200e-01
          5.699350e-01
          5.843140e-01
          5.816990e-01
          5.702610e-01
          5.474510e-01
          5.501400e-01
          5.591500e-01
          5.758170e-01
          5.858080e-01
          5.372550e-01
          5.390370e-01
          5.265600e-01
          5.412700e-01
          5.428570e-01
          5.585780e-01
          5.350250e-01
          5.444760e-01
          4.904300e-01
          4.603600e-01
          5.477120e-01
          5.477120e-01
          5.477120e-01
          5.477120e-01
          5.568630e-01
          5.568630e-01
          5.568630e-01
          5.568630e-01
          5.568630e-01
          5.568630e-01
          5.568630e-01
          5.568630e-01
          5.503270e-01
          5.503270e-01
          5.503270e-01
          5.503270e-01
          5.503270e-01
          5.450980e-01
          5.450980e-01
          5.346400e-01
          5.655770e-01
          5.655770e-01
          5.655770e-01
          5.947710e-01
          5.947710e-01
          5.947710e-01
          5.895430e-01
          5.895430e-01
          5.921570e-01
          5.764710e-01
          5.764710e-01
          5.690630e-01
          5.633990e-01
          5.446620e-01
          5.446620e-01
          5.267970e-01
          5.330060e-01
          5.679740e-01
          5.729850e-01
          5.424840e-01
          5.650330e-01
          5.779650e-01
          5.668850e-01
          5.483070e-01
          5.574230e-01
          5.559580e-01
          5.434640e-01
          5.336820e-01
          5.568630e-01
          5.364090e-01
          5.241180e-01
          5.284310e-01
          5.212720e-01
          5.248980e-01
          5.267970e-01
          5.267970e-01
          5.267970e-01
          5.267970e-01
          5.267970e-01
          5.267970e-01
          5.267970e-01
          5.333330e-01
          5.333330e-01
          5.333330e-01
          5.333330e-01
          5.333330e-01
          5.333330e-01
          5.333330e-01
          5.167760e-01
          5.167760e-01
          5.167760e-01
          5.167760e-01
          5.241830e-01
          5.241830e-01
          5.241830e-01
          5.241830e-01
          5.568630e-01
          5.568630e-01
          5.843140e-01
          5.843140e-01
          5.843140e-01
          5.912850e-01
          5.912850e-01
          5.559910e-01
          5.551200e-01
          5.551200e-01
          5.394340e-01
          5.215690e-01
          5.212420e-01
          5.202610e-01
          5.260130e-01
          5.179740e-01
          5.209150e-01
          4.886270e-01
          5.067540e-01
          5.211950e-01
          5.322440e-01
          5.551200e-01
          5.161530e-01
          5.214380e-01
          5.258920e-01
          5.172110e-01
          5.249870e-01
          5.198980e-01
          5.139710e-01
          5.172110e-01
          5.265130e-01
          5.141230e-01
          5.254900e-01
          5.228760e-01
          5.228760e-01
          5.228760e-01
          5.228760e-01
          5.228760e-01
          5.228760e-01
          5.228760e-01
          5.228760e-01
          5.228760e-01
          5.228760e-01
          5.180830e-01
          5.180830e-01
          5.180830e-01
          5.180830e-01
          5.180830e-01
          5.180830e-01
          5.176470e-01
          5.176470e-01
          5.176470e-01
          5.215690e-01
          5.355120e-01
          5.355120e-01
          5.355120e-01
          5.337690e-01
          5.337690e-01
          5.067540e-01
          5.067540e-01
          5.189540e-01
          5.189540e-01
          5.062090e-01
          5.062090e-01
          5.111110e-01
          4.878430e-01
          4.827890e-01
          4.943790e-01
          4.943790e-01
          4.964710e-01
          5.103640e-01
          5.087580e-01
          5.166670e-01
          5.294120e-01
          5.035950e-01
          5.189540e-01
          5.014380e-01
          5.077120e-01
          5.074070e-01
          5.081700e-01
          5.203620e-01
          5.437910e-01
          5.261780e-01
          5.109920e-01
          4.967320e-01
          5.044120e-01
          5.202610e-01
          5.202610e-01
          5.202610e-01
          5.202610e-01
          5.202610e-01
          5.202610e-01
          5.202610e-01
          5.202610e-01
          5.071900e-01
          4.967320e-01
          4.967320e-01
          4.967320e-01
          4.967320e-01
          4.967320e-01
          4.967320e-01
          4.941180e-01
          4.941180e-01
          4.941180e-01
          4.941180e-01
          4.941180e-01
          5.228760e-01
          5.228760e-01
          5.228760e-01
          5.307190e-01
          5.333330e-01
          5.333330e-01
          5.089320e-01
          5.098040e-01
          5.002180e-01
          5.002180e-01
          4.976040e-01
          4.976040e-01
          5.154680e-01
          5.026140e-01
          5.026140e-01
          5.027450e-01
          4.901960e-01
          4.859480e-01
          5.118950e-01
          4.967320e-01
          5.176470e-01
          5.479300e-01
          5.198260e-01
          5.131450e-01
          5.048130e-01
          4.890520e-01
          5.262750e-01
          5.040300e-01
          4.832240e-01
          4.851310e-01
          4.885320e-01
          4.803330e-01
          4.813300e-01
          4.831970e-01
          5.215690e-01
          5.215690e-01
          5.215690e-01
          5.215690e-01
          5.215690e-01
          5.137260e-01
          5.137260e-01
          5.137260e-01
          5.137260e-01
          5.137260e-01
          5.137260e-01
          5.137260e-01
          5.137260e-01
          5.137260e-01
          5.137260e-01
          5.137260e-01
          5.137260e-01
          5.058820e-01
          5.058820e-01
          5.071900e-01
          5.071900e-01
          5.071900e-01
          5.111110e-01
          5.224400e-01
          5.224400e-01
          5.224400e-01
          5.015250e-01
          5.015250e-01
          4.901960e-01
          4.810460e-01
          4.810460e-01
          4.976030e-01
          4.801740e-01
          5.006540e-01
          4.919390e-01
          4.839870e-01
          4.653590e-01
          5.000000e-01
          5.090200e-01
          4.904580e-01
          4.807840e-01
          4.924370e-01
          4.855280e-01
          4.764710e-01
          4.779960e-01
          5.031490e-01
          5.121570e-01
          4.874630e-01
          4.731160e-01
          4.718300e-01
          4.706650e-01
          4.584500e-01
          4.657620e-01
          4.744780e-01
          4.836600e-01
          4.836600e-01
          4.836600e-01
          5.032680e-01
          5.032680e-01
          5.032680e-01
          5.032680e-01
          5.032680e-01
          5.032680e-01
          5.032680e-01
          4.823530e-01
          4.823530e-01
          4.823530e-01
          4.823530e-01
          4.810460e-01
          4.810460e-01
          4.810460e-01
          4.666670e-01
          4.666670e-01
          4.666670e-01
          4.836600e-01
          4.941180e-01
          4.941180e-01
          4.941180e-01
          5.006540e-01
          5.058820e-01
          5.058820e-01
          5.015250e-01
          5.176470e-01
          4.845320e-01
          5.019610e-01
          4.884530e-01
          4.888890e-01
          4.934640e-01
          4.723310e-01
          4.643790e-01
          4.568630e-01
          4.568630e-01
          4.687580e-01
          4.867970e-01
          4.838780e-01
          4.773420e-01
          4.833700e-01
          4.747710e-01
          4.750330e-01
          4.662740e-01
          4.711330e-01
          4.776690e-01
          4.688450e-01
          4.678000e-01
          4.634370e-01
          4.601850e-01
          4.530420e-01
          4.470840e-01
          5.006540e-01
          4.967320e-01
          4.967320e-01
          4.967320e-01
          4.967320e-01
          4.967320e-01
          4.967320e-01
          4.967320e-01
          4.967320e-01
          4.967320e-01
          4.967320e-01
          4.875820e-01
          4.875820e-01
          4.875820e-01
          4.967320e-01
          4.967320e-01
          4.967320e-01
          4.836600e-01
          4.836600e-01
          4.836600e-01
          4.771240e-01
          4.888890e-01
          4.888890e-01
          4.888890e-01
          4.888890e-01
          4.989110e-01
          4.989110e-01
          4.836600e-01
          5.068630e-01
          4.928100e-01
          4.928100e-01
          4.745100e-01
          4.745100e-01
          4.500000e-01
          4.596950e-01
          4.431370e-01
          4.596080e-01
          4.627450e-01
          4.725490e-01
          4.886710e-01
          4.797390e-01
          4.562090e-01
          4.478060e-01
          4.415030e-01
          4.540310e-01
          4.505880e-01
          4.434640e-01
          4.265800e-01
          4.650110e-01
          4.470590e-01
          4.263740e-01
          4.321110e-01
          4.343850e-01
          4.277640e-01
          5.006540e-01
          5.006540e-01
          5.006540e-01
          5.006540e-01
          5.006540e-01
          4.888890e-01
          4.888890e-01
          4.888890e-01
          4.888890e-01
          4.888890e-01
          4.888890e-01
          4.888890e-01
          4.888890e-01
          4.666670e-01
          4.666670e-01
          4.692810e-01
          4.692810e-01
          4.692810e-01
          4.732030e-01
          4.732030e-01
          4.732030e-01
          4.732030e-01
          4.777780e-01
          4.777780e-01
          4.777780e-01
          4.562090e-01
          4.562090e-01
          4.562090e-01
          4.562090e-01
          4.575160e-01
          4.745100e-01
          4.614380e-01
          4.679740e-01
          4.669930e-01
          4.849670e-01
          4.674510e-01
          4.448800e-01
          4.657950e-01
          4.601310e-01
          4.505450e-01
          4.470590e-01
          4.433550e-01
          4.551200e-01
          4.531590e-01
          4.396080e-01
          4.336300e-01
          4.262630e-01
          4.310160e-01
          4.478760e-01
          4.312090e-01
          4.388310e-01
          4.437600e-01
          4.340920e-01
          4.266720e-01
          5.176470e-01
          5.176470e-01
          5.098040e-01
          5.098040e-01
          5.098040e-01
          5.098040e-01
          5.098040e-01
          5.098040e-01
          5.098040e-01
          4.810460e-01
          4.810460e-01
          4.810460e-01
          4.810460e-01
          4.810460e-01
          4.810460e-01
          4.653590e-01
          4.653590e-01
          4.653590e-01
          4.692810e-01
          4.732030e-01
          4.732030e-01
          4.732030e-01
          4.732030e-01
          4.849670e-01
          4.849670e-01
          4.738560e-01
          4.738560e-01
          4.718950e-01
          4.718950e-01
          4.718950e-01
          4.640520e-01
          4.692810e-01
          4.640520e-01
          4.663400e-01
          4.483660e-01
          4.601310e-01
          4.509800e-01
          4.492370e-01
          4.556860e-01
          4.614380e-01
          4.437910e-01
          4.408500e-01
          4.491830e-01
          4.498600e-01
          4.488410e-01
          4.323230e-01
          4.303030e-01
          4.465140e-01
          4.339870e-01
          4.421570e-01
          4.332180e-01
          4.386270e-01
          4.353950e-01
          4.281900e-01
          5.032680e-01
          5.032680e-01
          5.032680e-01
          5.032680e-01
          5.032680e-01
          4.640520e-01
          4.810460e-01
          4.810460e-01
          4.810460e-01
          4.810460e-01
          4.810460e-01
          4.810460e-01
          4.810460e-01
          4.588240e-01
          4.588240e-01
          4.588240e-01
          4.588240e-01
          4.627450e-01
          4.627450e-01
          4.627450e-01
          4.627450e-01
          4.810460e-01
          4.779960e-01
          4.779960e-01
          4.753810e-01
          4.753810e-01
          4.653590e-01
          4.653590e-01
          4.470590e-01
          4.627450e-01
          4.671020e-01
          4.631810e-01
          4.631810e-01
          4.705880e-01
          4.562090e-01
          4.581700e-01
          4.832240e-01
          4.648370e-01
          4.584970e-01
          4.470590e-01
          4.528480e-01
          4.583880e-01
          4.683010e-01
          4.487390e-01
          4.474320e-01
          4.464650e-01
          4.465690e-01
          4.498600e-01
          4.491830e-01
          4.677120e-01
          4.485720e-01
          4.247320e-01
          4.408370e-01
          4.383540e-01
          4.980390e-01
          4.980390e-01
          4.732030e-01
          4.732030e-01
          4.732030e-01
          4.732030e-01
          4.732030e-01
          4.732030e-01
          4.732030e-01
          4.732030e-01
          4.732030e-01
          4.732030e-01
          4.732030e-01
          4.549020e-01
          4.549020e-01
          4.549020e-01
          4.653590e-01
          4.653590e-01
          4.653590e-01
          4.653590e-01
          4.849670e-01
          4.849670e-01
          4.849670e-01
          4.806100e-01
          4.806100e-01
          4.662310e-01
          4.662310e-01
          4.562090e-01
          4.562090e-01
          4.598040e-01
          4.598040e-01
          4.649240e-01
          4.448800e-01
          4.339870e-01
          4.483660e-01
          4.379090e-01
          4.661440e-01
          4.565360e-01
          4.545750e-01
          4.454250e-01
          4.451910e-01
          4.492370e-01
          4.488560e-01
          4.517970e-01
          4.620920e-01
          4.429920e-01
          4.425340e-01
          4.356210e-01
          4.290850e-01
          4.304280e-01
          4.427740e-01
          4.403360e-01
          4.446080e-01
          4.391340e-01
          4.941180e-01
          4.771240e-01
          4.771240e-01
          4.771240e-01
          4.771240e-01
          4.771240e-01
          4.771240e-01
          4.771240e-01
          4.771240e-01
          4.771240e-01
          4.836600e-01
          4.836600e-01
          4.836600e-01
          4.836600e-01
          4.836600e-01
          4.915030e-01
          4.915030e-01
          4.915030e-01
          4.915030e-01
          4.775600e-01
          4.775600e-01
          4.775600e-01
          4.762530e-01
          4.762530e-01
          4.762530e-01
          4.736380e-01
          4.736380e-01
          4.649240e-01
          4.649240e-01
          4.679740e-01
          4.705880e-01
          4.705880e-01
          4.583880e-01
          4.474950e-01
          4.488020e-01
          4.444440e-01
          4.461870e-01
          4.544660e-01
          4.623090e-01
          4.572550e-01
          4.610020e-01
          4.692810e-01
          4.496730e-01
          4.532210e-01
          4.578900e-01
          4.668300e-01
          4.568630e-01
          4.390150e-01
          4.448800e-01
          4.782570e-01
          4.514470e-01
          4.326800e-01
          4.478550e-01
          4.207030e-01
          4.941180e-01
          4.771240e-01
          4.771240e-01
          4.771240e-01
          4.771240e-01
          4.771240e-01
          4.771240e-01
          4.771240e-01
          4.771240e-01
          4.771240e-01
          4.836600e-01
          4.836600e-01
          4.836600e-01
          4.836600e-01
          4.836600e-01
          4.915030e-01
          4.915030e-01
          4.915030e-01
          4.915030e-01
          4.775600e-01
          4.775600e-01
          4.775600e-01
          4.762530e-01
          4.762530e-01
          4.762530e-01
          4.736380e-01
          4.736380e-01
          4.649240e-01
          4.649240e-01
          4.758170e-01
          4.666670e-01
          4.666670e-01
          4.614380e-01
          4.727670e-01
          4.566450e-01
          4.509800e-01
          4.552290e-01
          4.630720e-01
          4.686270e-01
          4.543420e-01
          4.555560e-01
          4.718950e-01
          4.638660e-01
          4.558170e-01
          4.570260e-01
          4.431370e-01
          4.494120e-01
          4.586600e-01
          4.913840e-01
          4.964050e-01
          4.592320e-01
          4.442480e-01
          4.629870e-01
          4.368690e-01
          4.823530e-01
          4.823530e-01
          4.901960e-01
          4.901960e-01
          4.901960e-01
          4.901960e-01
          4.901960e-01
          4.901960e-01
          4.901960e-01
          4.901960e-01
          4.901960e-01
          4.941180e-01
          4.941180e-01
          4.901960e-01
          4.901960e-01
          4.901960e-01
          4.832240e-01
          4.832240e-01
          4.832240e-01
          4.832240e-01
          4.797390e-01
          4.797390e-01
          4.797390e-01
          4.745100e-01
          4.745100e-01
          4.718950e-01
          4.718950e-01
          4.732030e-01
          4.732030e-01
          4.849670e-01
          4.849670e-01
          4.714600e-01
          4.749460e-01
          4.647060e-01
          4.581700e-01
          4.640520e-01
          4.711110e-01
          4.800650e-01
          4.761440e-01
          4.594770e-01
          4.606910e-01
          4.520700e-01
          4.578070e-01
          4.673200e-01
          4.684640e-01
          4.746550e-01
          4.856710e-01
          4.434940e-01
          4.575980e-01
          4.663910e-01
          4.461640e-01
          4.589420e-01
          4.711870e-01
          4.374460e-01
          4.745100e-01
          4.745100e-01
          4.745100e-01
          4.745100e-01
          4.745100e-01
          4.980390e-01
          4.980390e-01
          4.980390e-01
          4.980390e-01
          4.980390e-01
          4.980390e-01
          4.980390e-01
          4.980390e-01
          4.758170e-01
          4.758170e-01
          4.758170e-01
          4.758170e-01
          4.679740e-01
          4.679740e-01
          4.679740e-01
          4.679740e-01
          4.718950e-01
          4.692810e-01
          4.692810e-01
          4.649240e-01
          4.649240e-01
          4.588240e-01
          4.588240e-01
          4.766880e-01
          4.679740e-01
          4.649240e-01
          4.679740e-01
          4.679740e-01
          4.732030e-01
          4.676470e-01
          4.571900e-01
          4.583880e-01
          4.546400e-01
          4.738560e-01
          4.851850e-01
          4.672270e-01
          4.605660e-01
          4.767510e-01
          4.996730e-01
          4.888890e-01
          4.743910e-01
          4.617650e-01
          4.549890e-01
          4.541670e-01
          4.654530e-01
          4.502920e-01
          4.532810e-01
          4.543270e-01
          4.239960e-01
          4.888890e-01
          4.888890e-01
          4.993460e-01
          4.993460e-01
          4.993460e-01
          4.993460e-01
          4.993460e-01
          4.993460e-01
          4.993460e-01
          4.810460e-01
          4.810460e-01
          4.810460e-01
          4.810460e-01
          4.810460e-01
          4.810460e-01
          4.666670e-01
          4.666670e-01
          4.666670e-01
          4.705880e-01
          4.553380e-01
          4.553380e-01
          4.553380e-01
          4.553380e-01
          4.535950e-01
          4.535950e-01
          4.570810e-01
          4.570810e-01
          4.653590e-01
          4.653590e-01
          4.705880e-01
          4.810460e-01
          4.662310e-01
          4.758170e-01
          4.823530e-01
          4.810460e-01
          4.623090e-01
          4.669280e-01
          4.710240e-01
          4.656210e-01
          4.662310e-01
          4.546840e-01
          4.712420e-01
          4.978760e-01
          4.971060e-01
          4.917650e-01
          4.691500e-01
          4.650980e-01
          4.406320e-01
          4.486460e-01
          4.351400e-01
          4.424450e-01
          4.586370e-01
          4.608350e-01
          4.347380e-01
          4.993460e-01
          4.993460e-01
          4.993460e-01
          4.993460e-01
          4.993460e-01
          4.836600e-01
          4.836600e-01
          4.836600e-01
          4.836600e-01
          4.836600e-01
          4.836600e-01
          4.836600e-01
          4.836600e-01
          4.771240e-01
          4.771240e-01
          4.679740e-01
          4.679740e-01
          4.679740e-01
          4.679740e-01
          4.679740e-01
          4.679740e-01
          4.679740e-01
          4.640520e-01
          4.640520e-01
          4.640520e-01
          4.605660e-01
          4.605660e-01
          4.605660e-01
          4.605660e-01
          4.732030e-01
          4.745100e-01
          4.836600e-01
          4.797390e-01
          4.601310e-01
          4.579520e-01
          4.666670e-01
          4.679740e-01
          4.771240e-01
          4.579520e-01
          4.620910e-01
          4.818300e-01
          4.668850e-01
          4.651420e-01
          4.894700e-01
          4.752230e-01
          4.497820e-01
          4.337690e-01
          4.507630e-01
          4.665850e-01
          4.536820e-01
          4.631300e-01
          4.689080e-01
          4.723660e-01
          4.474400e-01
          4.993460e-01
          4.888890e-01
          4.888890e-01
          4.888890e-01
          4.888890e-01
          4.888890e-01
          4.888890e-01
          4.888890e-01
          4.888890e-01
          4.888890e-01
          4.888890e-01
          4.666670e-01
          4.666670e-01
          4.666670e-01
          4.771240e-01
          4.771240e-01
          4.771240e-01
          4.640520e-01
          4.640520e-01
          4.640520e-01
          4.588240e-01
          4.710240e-01
          4.710240e-01
          4.710240e-01
          4.710240e-01
          4.771240e-01
          4.771240e-01
          4.806100e-01
          4.915030e-01
          4.814810e-01
          4.814810e-01
          4.970590e-01
          4.970590e-01
          4.862750e-01
          4.669930e-01
          4.810460e-01
          4.653590e-01
          4.777780e-01
          4.844440e-01
          4.972550e-01
          4.873950e-01
          4.529410e-01
          4.782140e-01
          4.924840e-01
          4.635290e-01
          4.572550e-01
          4.523960e-01
          4.550110e-01
          4.652720e-01
          4.560640e-01
          4.912130e-01
          4.797390e-01
          4.595060e-01
          4.318560e-01
          4.954250e-01
          4.954250e-01
          4.954250e-01
          4.849670e-01
          4.849670e-01
          4.849670e-01
          4.849670e-01
          4.849670e-01
          4.849670e-01
          4.849670e-01
          4.980390e-01
          4.980390e-01
          4.980390e-01
          4.980390e-01
          5.032680e-01
          5.032680e-01
          5.032680e-01
          4.810460e-01
          4.810460e-01
          4.810460e-01
          4.771240e-01
          4.679740e-01
          4.679740e-01
          4.679740e-01
          4.954250e-01
          4.928100e-01
          4.928100e-01
          4.875820e-01
          4.919390e-01
          4.993460e-01
          4.962960e-01
          4.692810e-01
          4.836600e-01
          4.705880e-01
          4.854030e-01
          4.784310e-01
          4.656860e-01
          4.656860e-01
          4.711110e-01
          4.734640e-01
          4.915030e-01
          4.912420e-01
          4.783010e-01
          4.730720e-01
          4.633990e-01
          4.732030e-01
          4.534640e-01
          4.462960e-01
          4.605660e-01
          4.583880e-01
          4.633170e-01
          4.751320e-01
          4.480390e-01
          4.366850e-01
          4.653590e-01
          4.653590e-01
          4.653590e-01
          4.653590e-01
          4.653590e-01
          4.718950e-01
          4.718950e-01
          4.718950e-01
          4.718950e-01
          4.915030e-01
          4.915030e-01
          4.915030e-01
          4.915030e-01
          4.915030e-01
          4.745100e-01
          4.745100e-01
          4.745100e-01
          4.810460e-01
          4.810460e-01
          4.954250e-01
          4.954250e-01
          4.954250e-01
          4.967320e-01
          5.098040e-01
          5.098040e-01
          5.098040e-01
          4.989110e-01
          4.989110e-01
          5.032680e-01
          4.971680e-01
          4.971680e-01
          4.816990e-01
          4.771240e-01
          4.666670e-01
          4.771240e-01
          4.764710e-01
          4.653590e-01
          4.705880e-01
          4.766010e-01
          4.788670e-01
          4.751630e-01
          4.766340e-01
          4.963590e-01
          4.797390e-01
          4.779960e-01
          4.975160e-01
          4.636600e-01
          4.637250e-01
          4.565580e-01
          4.688890e-01
          4.845320e-01
          4.630170e-01
          4.389250e-01
          4.418880e-01
          4.784310e-01
          4.784310e-01
          4.784310e-01
          4.784310e-01
          4.784310e-01
          4.784310e-01
          4.784310e-01
          4.784310e-01
          4.862750e-01
          4.758170e-01
          4.758170e-01
          4.758170e-01
          4.758170e-01
          4.758170e-01
          4.758170e-01
          4.718950e-01
          4.718950e-01
          4.718950e-01
          4.705880e-01
          4.705880e-01
          4.862750e-01
          4.862750e-01
          4.862750e-01
          5.019610e-01
          5.154680e-01
          5.154680e-01
          5.058820e-01
          5.080610e-01
          5.045750e-01
          5.045750e-01
          4.768630e-01
          4.768630e-01
          4.797390e-01
          4.859480e-01
          4.859480e-01
          4.794770e-01
          4.875820e-01
          4.873200e-01
          4.834420e-01
          4.989110e-01
          4.935370e-01
          4.993460e-01
          4.755990e-01
          4.782860e-01
          4.796080e-01
          4.868350e-01
          4.606750e-01
          4.546840e-01
          4.790850e-01
          4.899350e-01
          4.707660e-01
          4.549610e-01
          4.733120e-01
          4.525380e-01
          4.849670e-01
          4.797390e-01
          4.797390e-01
          4.797390e-01
          4.797390e-01
          4.797390e-01
          4.797390e-01
          4.797390e-01
          4.797390e-01
          4.797390e-01
          4.797390e-01
          4.849670e-01
          4.849670e-01
          4.849670e-01
          4.849670e-01
          4.849670e-01
          4.849670e-01
          4.692810e-01
          4.692810e-01
          4.692810e-01
          4.758170e-01
          4.941180e-01
          4.941180e-01
          4.941180e-01
          5.071900e-01
          5.071900e-01
          5.101310e-01
          5.101310e-01
          5.045750e-01
          5.045750e-01
          4.964050e-01
          4.964050e-01
          4.771240e-01
          4.805230e-01
          4.862750e-01
          4.944440e-01
          4.944440e-01
          5.027450e-01
          5.113290e-01
          5.047930e-01
          5.016340e-01
          4.838240e-01
          4.801120e-01
          4.795520e-01
          4.975160e-01
          4.912420e-01
          4.732030e-01
          4.779560e-01
          4.845320e-01
          4.918110e-01
          4.597870e-01
          4.501490e-01
          4.758170e-01
          4.622920e-01
          4.810460e-01
          4.810460e-01
          4.810460e-01
          4.810460e-01
          4.810460e-01
          4.810460e-01
          4.810460e-01
          4.692810e-01
          4.692810e-01
          4.692810e-01
          4.692810e-01
          4.692810e-01
          4.692810e-01
          4.692810e-01
          4.697170e-01
          4.697170e-01
          4.697170e-01
          4.697170e-01
          4.832240e-01
          4.832240e-01
          4.832240e-01
          4.832240e-01
          4.875820e-01
          4.875820e-01
          4.905230e-01
          4.905230e-01
          4.905230e-01
          4.993460e-01
          4.993460e-01
          4.996080e-01
          4.949890e-01
          4.949890e-01
          5.150330e-01
          4.909800e-01
          4.944440e-01
          4.980390e-01
          4.838780e-01
          4.882350e-01
          5.058820e-01
          4.952070e-01
          4.967320e-01
          4.792480e-01
          4.804860e-01
          4.792160e-01
          4.959150e-01
          5.076800e-01
          4.910360e-01
          5.033770e-01
          4.988800e-01
          4.960780e-01
          4.736380e-01
          4.737140e-01
          4.768400e-01
          4.830070e-01
          4.915030e-01
          4.915030e-01
          4.915030e-01
          4.915030e-01
          4.849670e-01
          4.849670e-01
          4.849670e-01
          4.849670e-01
          4.849670e-01
          4.849670e-01
          4.849670e-01
          4.849670e-01
          4.758170e-01
          4.758170e-01
          4.758170e-01
          4.758170e-01
          4.758170e-01
          4.797390e-01
          4.797390e-01
          4.788670e-01
          4.784310e-01
          4.784310e-01
          4.784310e-01
          4.845320e-01
          4.845320e-01
          4.845320e-01
          4.858390e-01
          4.858390e-01
          4.849670e-01
          4.833330e-01
          4.833330e-01
          5.067540e-01
          4.993460e-01
          4.849670e-01
          4.849670e-01
          4.962090e-01
          4.905230e-01
          4.980390e-01
          4.982570e-01
          5.000000e-01
          4.993460e-01
          5.092440e-01
          4.851850e-01
          4.885320e-01
          4.832870e-01
          4.882950e-01
          4.924840e-01
          5.143360e-01
          5.035700e-01
          5.381010e-01
          5.137250e-01
          5.040770e-01
          4.923350e-01
          4.912520e-01
          4.980390e-01
          4.980390e-01
          4.980390e-01
          4.980390e-01
          4.980390e-01
          4.980390e-01
          4.980390e-01
          4.980390e-01
          4.980390e-01
          4.980390e-01
          4.823530e-01
          4.823530e-01
          4.823530e-01
          4.823530e-01
          4.823530e-01
          4.823530e-01
          4.888890e-01
          4.888890e-01
          4.888890e-01
          4.945530e-01
          4.945530e-01
          4.945530e-01
          5.080610e-01
          5.080610e-01
          5.080610e-01
          5.154680e-01
          5.154680e-01
          5.045750e-01
          5.045750e-01
          4.957520e-01
          4.971680e-01
          4.971680e-01
          4.884530e-01
          4.827890e-01
          4.936820e-01
          4.984750e-01
          4.980390e-01
          5.032680e-01
          4.915030e-01
          4.794770e-01
          5.170870e-01
          5.339870e-01
          5.011440e-01
          5.163400e-01
          4.926240e-01
          4.929970e-01
          4.878720e-01
          4.995840e-01
          4.922500e-01
          5.138890e-01
          5.028830e-01
          5.041390e-01
          5.029540e-01
          5.065520e-01
          4.875820e-01
          4.797390e-01
          4.797390e-01
          4.797390e-01
          4.797390e-01
          4.797390e-01
          4.797390e-01
          4.797390e-01
          4.797390e-01
          4.797390e-01
          4.732030e-01
          4.732030e-01
          4.732030e-01
          4.732030e-01
          4.732030e-01
          4.888890e-01
          4.888890e-01
          4.888890e-01
          4.888890e-01
          4.901960e-01
          4.901960e-01
          4.901960e-01
          4.980390e-01
          4.980390e-01
          4.980390e-01
          5.084970e-01
          5.084970e-01
          5.045750e-01
          5.045750e-01
          4.915030e-01
          4.893250e-01
          4.893250e-01
          5.010890e-01
          4.949890e-01
          4.788670e-01
          4.854030e-01
          4.928100e-01
          4.945530e-01
          4.971680e-01
          4.954250e-01
          5.218950e-01
          5.156860e-01
          5.152190e-01
          5.159660e-01
          5.157590e-01
          5.089320e-01
          4.957150e-01
          5.095020e-01
          5.251340e-01
          5.014710e-01
          5.243460e-01
          5.300390e-01
          5.320260e-01
          5.175820e-01
          4.849670e-01
          4.758170e-01
          4.758170e-01
          4.758170e-01
          4.758170e-01
          4.758170e-01
          4.758170e-01
          4.758170e-01
          4.758170e-01
          4.758170e-01
          4.784310e-01
          4.784310e-01
          4.784310e-01
          4.784310e-01
          4.784310e-01
          4.784310e-01
          4.888890e-01
          4.888890e-01
          4.888890e-01
          4.784310e-01
          4.784310e-01
          4.784310e-01
          4.928100e-01
          4.928100e-01
          4.928100e-01
          5.111110e-01
          5.111110e-01
          5.163400e-01
          5.163400e-01
          5.076250e-01
          5.063180e-01
          5.063180e-01
          5.132900e-01
          5.180830e-01
          5.055560e-01
          4.996730e-01
          5.009800e-01
          4.960780e-01
          4.790850e-01
          4.800000e-01
          4.928100e-01
          4.970590e-01
          5.004900e-01
          5.256770e-01
          5.233120e-01
          5.322640e-01
          5.166960e-01
          5.224090e-01
          5.270770e-01
          5.255720e-01
          5.317960e-01
          5.328350e-01
          5.336600e-01
          5.467650e-01
          5.032680e-01
          5.032680e-01
          5.032680e-01
          5.032680e-01
          4.915030e-01
          4.915030e-01
          4.915030e-01
          4.915030e-01
          4.915030e-01
          4.915030e-01
          4.915030e-01
          4.915030e-01
          4.901960e-01
          4.901960e-01
          4.901960e-01
          4.901960e-01
          4.901960e-01
          4.954250e-01
          4.954250e-01
          5.084970e-01
          4.788670e-01
          4.788670e-01
          4.788670e-01
          4.941180e-01
          4.941180e-01
          4.941180e-01
          5.254900e-01
          5.254900e-01
          5.023970e-01
          5.000000e-01
          5.000000e-01
          4.967320e-01
          4.823530e-01
          4.827890e-01
          4.827890e-01
          4.709150e-01
          5.071900e-01
          5.114380e-01
          5.230940e-01
          5.103270e-01
          4.911760e-01
          4.920630e-01
          4.941180e-01
          5.005350e-01
          5.213820e-01
          5.306180e-01
          5.449350e-01
          5.705450e-01
          5.716780e-01
          5.316420e-01
          5.354900e-01
          5.411760e-01
          5.635770e-01
          5.580710e-01
          5.006540e-01
          5.006540e-01
          5.006540e-01
          5.006540e-01
          5.006540e-01
          5.006540e-01
          5.006540e-01
          4.928100e-01
          4.928100e-01
          4.928100e-01
          4.928100e-01
          4.928100e-01
          4.928100e-01
          4.928100e-01
          5.128540e-01
          5.128540e-01
          5.128540e-01
          5.128540e-01
          5.019610e-01
          5.019610e-01
          5.019610e-01
          5.019610e-01
          4.771240e-01
          4.771240e-01
          4.854030e-01
          4.854030e-01
          4.854030e-01
          5.115470e-01
          5.115470e-01
          5.032680e-01
          4.993460e-01
          4.993460e-01
          5.019610e-01
          5.088240e-01
          4.892160e-01
          4.954250e-01
          5.126800e-01
          5.065360e-01
          5.205880e-01
          5.168630e-01
          5.124180e-01
          5.146590e-01
          5.215690e-01
          4.981840e-01
          4.984130e-01
          5.111110e-01
          5.360480e-01
          5.630720e-01
          5.672200e-01
          5.654320e-01
          5.726310e-01
          5.775600e-01
          5.752200e-01
          5.653310e-01
          5.228760e-01
          5.045750e-01
          5.045750e-01
          5.045750e-01
          5.045750e-01
          5.045750e-01
          5.045750e-01
          5.045750e-01
          5.045750e-01
          5.045750e-01
          5.045750e-01
          5.002180e-01
          5.002180e-01
          5.002180e-01
          5.002180e-01
          5.002180e-01
          5.002180e-01
          5.189540e-01
          5.189540e-01
          5.189540e-01
          5.032680e-01
          5.167760e-01
          5.167760e-01
          5.167760e-01
          4.915030e-01
          4.915030e-01
          4.875820e-01
          4.875820e-01
          4.867100e-01
          4.867100e-01
          5.065360e-01
          5.065360e-01
          5.124180e-01
          5.040520e-01
          4.888890e-01
          5.105880e-01
          5.105880e-01
          5.079740e-01
          5.099910e-01
          5.215690e-01
          5.163400e-01
          5.169930e-01
          5.070260e-01
          5.073530e-01
          5.137260e-01
          5.307190e-01
          5.354030e-01
          5.356210e-01
          5.330320e-01
          5.566180e-01
          5.737870e-01
          5.824120e-01
          5.932770e-01
          6.190360e-01
          5.228760e-01
          5.228760e-01
          5.228760e-01
          5.228760e-01
          5.228760e-01
          5.228760e-01
          5.228760e-01
          5.228760e-01
          5.045750e-01
          5.111110e-01
          5.111110e-01
          5.111110e-01
          5.111110e-01
          5.111110e-01
          5.111110e-01
          4.941180e-01
          4.941180e-01
          4.941180e-01
          4.954250e-01
          4.954250e-01
          4.928100e-01
          4.928100e-01
          4.928100e-01
          5.124180e-01
          5.124180e-01
          5.124180e-01
          5.198260e-01
          5.281050e-01
          5.080610e-01
          5.080610e-01
          5.150330e-01
          5.150330e-01
          5.172110e-01
          5.016340e-01
          5.016340e-01
          5.061440e-01
          5.002180e-01
          5.039220e-01
          5.105880e-01
          5.133990e-01
          5.114020e-01
          5.220040e-01
          5.300650e-01
          5.527960e-01
          5.382060e-01
          5.377450e-01
          5.316340e-01
          5.263620e-01
          5.382720e-01
          5.424840e-01
          5.464650e-01
          5.496730e-01
          5.665810e-01
          5.952340e-01
          5.294120e-01
          5.294120e-01
          5.294120e-01
          5.294120e-01
          5.294120e-01
          5.267970e-01
          5.267970e-01
          5.267970e-01
          5.267970e-01
          5.254900e-01
          5.254900e-01
          5.254900e-01
          5.254900e-01
          5.254900e-01
          5.124180e-01
          5.124180e-01
          5.124180e-01
          5.032680e-01
          5.032680e-01
          5.045750e-01
          5.045750e-01
          5.045750e-01
          5.137260e-01
          5.167760e-01
          5.167760e-01
          5.167760e-01
          5.267970e-01
          5.267970e-01
          5.298480e-01
          5.281050e-01
          5.281050e-01
          5.267970e-01
          5.346410e-01
          5.346400e-01
          5.302830e-01
          5.267970e-01
          5.450980e-01
          5.225490e-01
          5.299350e-01
          5.393460e-01
          5.262750e-01
          5.353870e-01
          5.325860e-01
          5.492370e-01
          5.572980e-01
          5.519900e-01
          5.605230e-01
          5.668450e-01
          5.699350e-01
          5.644440e-01
          5.721650e-01
          5.629630e-01
          5.686780e-01
          5.829750e-01
          5.346400e-01
          5.346400e-01
          5.346400e-01
          5.320260e-01
          5.320260e-01
          5.320260e-01
          5.320260e-01
          5.320260e-01
          5.320260e-01
          5.320260e-01
          5.241830e-01
          5.241830e-01
          5.241830e-01
          5.241830e-01
          5.111110e-01
          5.111110e-01
          5.111110e-01
          5.254900e-01
          5.254900e-01
          5.254900e-01
          5.071900e-01
          5.424840e-01
          5.424840e-01
          5.424840e-01
          5.385620e-01
          5.346400e-01
          5.346400e-01
          5.267970e-01
          5.372550e-01
          5.307190e-01
          5.516340e-01
          5.355120e-01
          5.494550e-01
          5.437910e-01
          5.572980e-01
          5.656860e-01
          5.434640e-01
          5.434640e-01
          5.586930e-01
          5.539870e-01
          5.437910e-01
          5.577340e-01
          5.604940e-01
          5.750330e-01
          5.683660e-01
          5.844440e-01
          5.838780e-01
          5.906320e-01
          5.850110e-01
          6.013070e-01
          6.012300e-01
          6.020150e-01
          6.187530e-01
          6.260920e-01
          5.411760e-01
          5.385620e-01
          5.385620e-01
          5.385620e-01
          5.385620e-01
          5.385620e-01
          5.385620e-01
          5.385620e-01
          5.385620e-01
          5.385620e-01
          5.385620e-01
          5.464050e-01
          5.464050e-01
          5.464050e-01
          5.516340e-01
          5.516340e-01
          5.516340e-01
          5.660130e-01
          5.660130e-01
          5.660130e-01
          5.542480e-01
          5.228760e-01
          5.228760e-01
          5.228760e-01
          5.228760e-01
          5.224400e-01
          5.224400e-01
          5.477120e-01
          5.575160e-01
          5.503270e-01
          5.503270e-01
          5.633990e-01
          5.633990e-01
          5.460780e-01
          5.507620e-01
          5.516340e-01
          5.568630e-01
          5.755990e-01
          5.612200e-01
          5.431370e-01
          5.729850e-01
          6.028320e-01
          5.863680e-01
          5.859480e-01
          6.110390e-01
          5.998690e-01
          5.933550e-01
          5.934640e-01
          6.062740e-01
          5.963690e-01
          6.039980e-01
          6.101730e-01
          6.094350e-01
          6.494460e-01
          5.411760e-01
          5.411760e-01
          5.411760e-01
          5.411760e-01
          5.411760e-01
          5.581700e-01
          5.581700e-01
          5.581700e-01
          5.581700e-01
          5.581700e-01
          5.581700e-01
          5.581700e-01
          5.581700e-01
          5.620910e-01
          5.620910e-01
          5.450980e-01
          5.450980e-01
          5.450980e-01
          5.437910e-01
          5.437910e-01
          5.437910e-01
          5.437910e-01
          5.238560e-01
          5.238560e-01
          5.238560e-01
          5.398690e-01
          5.398690e-01
          5.638340e-01
          5.638340e-01
          5.620910e-01
          5.568630e-01
          5.751630e-01
          5.790850e-01
          5.568630e-01
          5.843140e-01
          5.994770e-01
          6.152510e-01
          5.954250e-01
          5.786490e-01
          5.871460e-01
          6.135080e-01
          6.017430e-01
          5.993460e-01
          6.071170e-01
          6.003920e-01
          6.122400e-01
          5.998810e-01
          6.029710e-01
          6.021240e-01
          5.934640e-01
          6.206070e-01
          6.233430e-01
          6.052290e-01
          5.881240e-01
          5.803920e-01
          5.803920e-01
          5.633990e-01
          5.633990e-01
          5.633990e-01
          5.633990e-01
          5.633990e-01
          5.633990e-01
          5.633990e-01
          5.686270e-01
          5.686270e-01
          5.686270e-01
          5.686270e-01
          5.686270e-01
          5.686270e-01
          5.529410e-01
          5.529410e-01
          5.529410e-01
          5.607840e-01
          5.498910e-01
          5.498910e-01
          5.498910e-01
          5.498910e-01
          5.568630e-01
          5.568630e-01
          5.385620e-01
          5.385620e-01
          5.764710e-01
          5.764710e-01
          5.816990e-01
          5.807190e-01
          5.712420e-01
          5.529410e-01
          5.764710e-01
          5.614380e-01
          5.764710e-01
          5.890200e-01
          5.925930e-01
          5.945100e-01
          6.102400e-01
          5.819170e-01
          5.833330e-01
          6.040850e-01
          5.992530e-01
          6.108140e-01
          6.217470e-01
          5.986930e-01
          5.912850e-01
          6.012070e-01
          6.093140e-01
          5.821610e-01
          5.686270e-01
          5.796380e-01
          6.394150e-01
          5.843140e-01
          5.843140e-01
          5.843140e-01
          5.843140e-01
          5.843140e-01
          5.803920e-01
          5.673200e-01
          5.673200e-01
          5.673200e-01
          5.673200e-01
          5.673200e-01
          5.673200e-01
          5.673200e-01
          5.411760e-01
          5.411760e-01
          5.411760e-01
          5.411760e-01
          5.411760e-01
          5.411760e-01
          5.411760e-01
          5.411760e-01
          5.607840e-01
          5.607840e-01
          5.607840e-01
          5.490200e-01
          5.490200e-01
          5.764710e-01
          5.764710e-01
          6.130720e-01
          5.760350e-01
          5.973860e-01
          5.690630e-01
          5.690630e-01
          5.712420e-01
          5.811760e-01
          5.924840e-01
          5.921570e-01
          6.345100e-01
          6.441180e-01
          6.193900e-01
          5.852470e-01
          6.052290e-01
          6.060460e-01
          5.764710e-01
          5.871150e-01
          5.951280e-01
          6.166670e-01
          5.877680e-01
          5.712420e-01
          5.708060e-01
          5.583080e-01
          5.888630e-01
          6.174640e-01
          6.028220e-01
          5.647060e-01
          5.647060e-01
          5.777780e-01
          5.777780e-01
          5.777780e-01
          5.777780e-01
          5.777780e-01
          5.777780e-01
          5.777780e-01
          5.777780e-01
          5.777780e-01
          5.934640e-01
          5.934640e-01
          5.620910e-01
          5.620910e-01
          5.620910e-01
          5.490200e-01
          5.490200e-01
          5.490200e-01
          5.490200e-01
          5.594770e-01
          5.594770e-01
          5.594770e-01
          5.699350e-01
          5.699350e-01
          6.069720e-01
          6.069720e-01
          6.235290e-01
          6.235290e-01
          6.140520e-01
          6.140520e-01
          6.183010e-01
          6.183010e-01
          6.030500e-01
          6.117650e-01
          6.379090e-01
          6.347710e-01
          6.281050e-01
          6.189540e-01
          6.003270e-01
          6.082170e-01
          6.276690e-01
          6.261440e-01
          6.119280e-01
          5.964050e-01
          5.853300e-01
          5.652090e-01
          5.565360e-01
          5.500000e-01
          5.553380e-01
          5.902690e-01
          6.035480e-01
          5.543570e-01
          5.775870e-01
          5.568630e-01
          5.790850e-01
          5.790850e-01
          5.790850e-01
          5.790850e-01
          5.790850e-01
          5.790850e-01
          5.790850e-01
          5.790850e-01
          5.790850e-01
          6.169930e-01
          6.169930e-01
          6.169930e-01
          6.169930e-01
          6.169930e-01
          5.891070e-01
          5.891070e-01
          5.891070e-01
          5.891070e-01
          5.769060e-01
          5.769060e-01
          5.769060e-01
          6.034860e-01
          6.034860e-01
          6.034860e-01
          6.196080e-01
          6.196080e-01
          6.056650e-01
          6.056650e-01
          5.982570e-01
          6.283220e-01
          6.283220e-01
          6.318080e-01
          6.148150e-01
          6.265800e-01
          6.239650e-01
          6.143790e-01
          5.934640e-01
          5.995640e-01
          6.209150e-01
          6.453160e-01
          7.856210e-01
          9.021470e-01
          6.089640e-01
          5.561160e-01
          5.406860e-01
          5.388890e-01
          5.463050e-01
          5.657230e-01
          5.748150e-01
          5.701210e-01
          5.476470e-01
          5.074170e-01
          6.036390e-01
          5.568630e-01
          5.790850e-01
          5.790850e-01
          5.790850e-01
          5.790850e-01
          5.790850e-01
          5.790850e-01
          5.790850e-01
          5.790850e-01
          5.790850e-01
          6.169930e-01
          6.169930e-01
          6.169930e-01
          6.169930e-01
          6.169930e-01
          5.891070e-01
          5.891070e-01
          5.891070e-01
          5.891070e-01
          5.769060e-01
          5.769060e-01
          5.769060e-01
          6.034860e-01
          6.034860e-01
          6.034860e-01
          6.196080e-01
          6.196080e-01
          6.056650e-01
          6.056650e-01
          6.030500e-01
          6.187360e-01
          6.187360e-01
          6.209150e-01
          6.078430e-01
          5.986930e-01
          5.738560e-01
          5.872550e-01
          6.084970e-01
          6.065360e-01
          6.771240e-01
          8.584970e-01
          9.611110e-01
          8.298790e-01
          5.683660e-01
          5.401960e-01
          5.298040e-01
          5.393460e-01
          5.515520e-01
          5.694590e-01
          5.717320e-01
          5.361110e-01
          4.913730e-01
          5.035590e-01
          5.977720e-01
          5.777780e-01
          5.777780e-01
          5.908500e-01
          5.908500e-01
          5.908500e-01
          5.908500e-01
          5.908500e-01
          5.908500e-01
          5.908500e-01
          5.908500e-01
          5.908500e-01
          6.117650e-01
          6.117650e-01
          5.882350e-01
          5.882350e-01
          5.882350e-01
          5.725490e-01
          5.725490e-01
          5.725490e-01
          5.725490e-01
          5.777780e-01
          5.777780e-01
          5.777780e-01
          6.152510e-01
          6.152510e-01
          6.196080e-01
          6.196080e-01
          6.183010e-01
          6.183010e-01
          6.047930e-01
          6.047930e-01
          6.017430e-01
          5.908500e-01
          5.803920e-01
          6.084970e-01
          6.139430e-01
          6.324180e-01
          6.617650e-01
          7.346400e-01
          8.800650e-01
          9.572360e-01
          6.893250e-01
          5.705160e-01
          5.364380e-01
          5.222220e-01
          5.246190e-01
          5.515330e-01
          5.660130e-01
          5.667480e-01
          5.284490e-01
          4.889580e-01
          4.713010e-01
          5.340410e-01
          5.922930e-01
          5.947710e-01
          5.947710e-01
          5.947710e-01
          5.947710e-01
          5.947710e-01
          5.960780e-01
          5.581700e-01
          5.581700e-01
          5.581700e-01
          5.581700e-01
          5.581700e-01
          5.581700e-01
          5.581700e-01
          5.751630e-01
          5.751630e-01
          5.751630e-01
          5.751630e-01
          5.843140e-01
          5.843140e-01
          5.843140e-01
          5.843140e-01
          6.130720e-01
          6.261440e-01
          6.261440e-01
          6.130720e-01
          6.130720e-01
          6.008710e-01
          6.008710e-01
          5.843140e-01
          5.882350e-01
          5.917210e-01
          5.821350e-01
          5.821350e-01
          5.481480e-01
          5.509800e-01
          5.800650e-01
          6.165580e-01
          7.050980e-01
          8.764710e-01
          9.751630e-01
          7.357610e-01
          5.708060e-01
          5.342670e-01
          5.199350e-01
          5.236230e-01
          5.257280e-01
          5.524510e-01
          5.565140e-01
          5.507350e-01
          5.072830e-01
          4.705880e-01
          4.614900e-01
          5.384050e-01
          5.590410e-01
          5.647060e-01
          5.647060e-01
          5.738560e-01
          5.738560e-01
          5.738560e-01
          5.738560e-01
          5.738560e-01
          5.738560e-01
          5.738560e-01
          5.816990e-01
          5.816990e-01
          5.816990e-01
          5.816990e-01
          5.816990e-01
          5.816990e-01
          6.078430e-01
          6.078430e-01
          6.078430e-01
          6.326800e-01
          6.196080e-01
          6.196080e-01
          6.196080e-01
          6.196080e-01
          6.156860e-01
          6.156860e-01
          5.803920e-01
          5.803920e-01
          5.869280e-01
          5.869280e-01
          6.013070e-01
          5.830070e-01
          6.087150e-01
          5.803920e-01
          5.764710e-01
          5.748370e-01
          5.638340e-01
          6.413070e-01
          7.215690e-01
          9.372550e-01
          9.021790e-01
          5.660130e-01
          5.578430e-01
          5.256540e-01
          5.210080e-01
          5.166010e-01
          5.265360e-01
          5.503270e-01
          5.539220e-01
          5.384690e-01
          4.938870e-01
          4.741250e-01
          4.494860e-01
          5.078430e-01
          5.191210e-01
          5.869280e-01
          5.738560e-01
          5.738560e-01
          5.738560e-01
          5.738560e-01
          5.869280e-01
          5.869280e-01
          5.869280e-01
          5.869280e-01
          5.869280e-01
          5.869280e-01
          5.869280e-01
          5.869280e-01
          6.143790e-01
          6.143790e-01
          5.973860e-01
          5.973860e-01
          5.973860e-01
          6.313730e-01
          6.313730e-01
          6.313730e-01
          6.313730e-01
          6.130720e-01
          6.130720e-01
          6.130720e-01
          6.061000e-01
          6.061000e-01
          6.008720e-01
          6.008720e-01
          5.925930e-01
          5.895420e-01
          5.956430e-01
          6.187360e-01
          6.174290e-01
          6.213510e-01
          6.512420e-01
          6.723310e-01
          8.901960e-01
          9.708060e-01
          8.211330e-01
          5.806540e-01
          5.511980e-01
          5.145970e-01
          5.199710e-01
          5.125370e-01
          5.248370e-01
          5.393250e-01
          5.546840e-01
          5.403590e-01
          4.906320e-01
          4.682050e-01
          4.481170e-01
          4.729410e-01
          4.738290e-01
          5.738560e-01
          5.673200e-01
          5.673200e-01
          5.673200e-01
          5.673200e-01
          5.673200e-01
          5.673200e-01
          5.673200e-01
          5.673200e-01
          5.673200e-01
          5.673200e-01
          5.673200e-01
          5.673200e-01
          5.673200e-01
          5.751630e-01
          5.751630e-01
          5.751630e-01
          5.973860e-01
          5.973860e-01
          5.973860e-01
          6.026140e-01
          6.265800e-01
          6.265800e-01
          6.265800e-01
          6.265800e-01
          6.492370e-01
          6.492370e-01
          6.387800e-01
          6.156860e-01
          5.873640e-01
          5.873640e-01
          5.924840e-01
          5.924840e-01
          5.905230e-01
          6.369280e-01
          6.335510e-01
          6.854900e-01
          8.045750e-01
          9.615690e-01
          8.185620e-01
          5.861810e-01
          5.274510e-01
          5.080610e-01
          4.977120e-01
          5.211770e-01
          5.181700e-01
          5.262530e-01
          5.417210e-01
          5.330720e-01
          5.057370e-01
          4.712420e-01
          4.434210e-01
          4.417160e-01
          4.606140e-01
          5.751630e-01
          5.751630e-01
          5.751630e-01
          5.856210e-01
          5.856210e-01
          5.856210e-01
          5.856210e-01
          5.856210e-01
          5.856210e-01
          5.856210e-01
          5.869280e-01
          5.869280e-01
          5.869280e-01
          5.869280e-01
          6.013070e-01
          6.013070e-01
          6.013070e-01
          5.843140e-01
          5.843140e-01
          5.843140e-01
          5.908500e-01
          6.065360e-01
          6.065360e-01
          6.065360e-01
          6.196080e-01
          6.335510e-01
          6.335510e-01
          6.405230e-01
          6.348580e-01
          6.392160e-01
          6.108930e-01
          6.235290e-01
          5.917210e-01
          6.000000e-01
          5.960780e-01
          6.496730e-01
          6.928100e-01
          6.928100e-01
          9.341180e-01
          9.367320e-01
          6.734640e-01
          5.315030e-01
          5.214380e-01
          5.104580e-01
          5.032680e-01
          5.117650e-01
          5.090200e-01
          5.193900e-01
          5.247930e-01
          5.222660e-01
          4.900330e-01
          4.528480e-01
          4.391070e-01
          4.488390e-01
          5.816990e-01
          5.816990e-01
          5.816990e-01
          5.816990e-01
          5.816990e-01
          5.856210e-01
          5.856210e-01
          5.856210e-01
          5.856210e-01
          5.947710e-01
          5.947710e-01
          5.947710e-01
          5.947710e-01
          5.947710e-01
          5.856210e-01
          5.856210e-01
          5.856210e-01
          5.934640e-01
          5.934640e-01
          5.960780e-01
          5.960780e-01
          5.960780e-01
          6.000000e-01
          6.130720e-01
          6.130720e-01
          6.130720e-01
          6.361650e-01
          6.361650e-01
          6.248370e-01
          6.427020e-01
          6.427020e-01
          6.320260e-01
          6.013070e-01
          6.238560e-01
          6.100220e-01
          6.140520e-01
          6.140520e-01
          5.917210e-01
          8.277120e-01
          9.725490e-01
          8.052290e-01
          5.616010e-01
          5.305320e-01
          5.106750e-01
          4.935370e-01
          4.904580e-01
          4.790850e-01
          5.039220e-01
          5.281050e-01
          5.276470e-01
          5.025420e-01
          4.635620e-01
          4.428860e-01
          4.314310e-01
          5.647060e-01
          5.647060e-01
          5.647060e-01
          5.647060e-01
          5.647060e-01
          5.647060e-01
          5.647060e-01
          5.647060e-01
          5.712420e-01
          5.738560e-01
          5.738560e-01
          5.738560e-01
          5.738560e-01
          5.738560e-01
          5.738560e-01
          5.777780e-01
          5.777780e-01
          5.777780e-01
          6.078430e-01
          6.078430e-01
          6.091500e-01
          6.091500e-01
          6.091500e-01
          6.026140e-01
          6.043570e-01
          6.043570e-01
          6.169930e-01
          6.117650e-01
          5.869280e-01
          5.869280e-01
          6.018300e-01
          6.018300e-01
          6.078430e-01
          6.238560e-01
          6.238560e-01
          6.075820e-01
          5.830070e-01
          6.031370e-01
          7.337690e-01
          7.185190e-01
          8.396510e-01
          6.468410e-01
          5.346400e-01
          5.143060e-01
          5.061440e-01
          5.019610e-01
          5.047930e-01
          4.974950e-01
          5.171390e-01
          5.132900e-01
          5.169940e-01
          4.893250e-01
          4.531240e-01
          4.270250e-01
          5.803920e-01
          5.986930e-01
          5.986930e-01
          5.986930e-01
          5.986930e-01
          5.986930e-01
          5.986930e-01
          5.986930e-01
          5.986930e-01
          5.986930e-01
          5.986930e-01
          5.633990e-01
          5.633990e-01
          5.633990e-01
          5.633990e-01
          5.633990e-01
          5.633990e-01
          5.620910e-01
          5.620910e-01
          5.620910e-01
          5.856210e-01
          5.712420e-01
          5.712420e-01
          5.712420e-01
          5.764710e-01
          5.764710e-01
          5.937910e-01
          5.937910e-01
          5.751630e-01
          5.751630e-01
          5.705880e-01
          5.705880e-01
          5.699350e-01
          6.002610e-01
          6.117650e-01
          6.169930e-01
          6.169930e-01
          6.149020e-01
          6.276690e-01
          6.071900e-01
          5.839870e-01
          5.710780e-01
          5.271710e-01
          5.107380e-01
          5.211760e-01
          5.016990e-01
          4.831850e-01
          4.911470e-01
          5.017430e-01
          5.128030e-01
          5.067080e-01
          5.068920e-01
          4.823530e-01
          4.505000e-01
          5.947710e-01
          5.947710e-01
          5.947710e-01
          5.947710e-01
          5.947710e-01
          5.947710e-01
          5.947710e-01
          5.986930e-01
          5.986930e-01
          5.986930e-01
          5.986930e-01
          5.986930e-01
          5.986930e-01
          5.986930e-01
          5.864920e-01
          5.864920e-01
          5.864920e-01
          5.864920e-01
          5.721130e-01
          5.721130e-01
          5.721130e-01
          5.721130e-01
          5.843140e-01
          5.843140e-01
          5.712420e-01
          5.712420e-01
          5.712420e-01
          5.725490e-01
          5.725490e-01
          5.947710e-01
          6.061000e-01
          6.061000e-01
          6.287580e-01
          6.253600e-01
          6.264710e-01
          5.934640e-01
          5.873640e-01
          5.738560e-01
          5.660130e-01
          6.165580e-01
          6.250550e-01
          5.781050e-01
          5.568630e-01
          5.352940e-01
          5.245100e-01
          5.132350e-01
          4.900090e-01
          4.766880e-01
          4.731090e-01
          4.962960e-01
          4.856650e-01
          4.972440e-01
          5.048030e-01
          4.853370e-01
          5.346400e-01
          5.346400e-01
          5.346400e-01
          5.346400e-01
          5.359480e-01
          5.359480e-01
          5.359480e-01
          5.359480e-01
          5.359480e-01
          5.359480e-01
          5.359480e-01
          5.359480e-01
          5.607840e-01
          5.607840e-01
          5.607840e-01
          5.607840e-01
          5.607840e-01
          5.712420e-01
          5.712420e-01
          5.982570e-01
          5.738560e-01
          5.738560e-01
          5.738560e-01
          5.904140e-01
          5.904140e-01
          5.904140e-01
          6.000000e-01
          6.000000e-01
          5.973860e-01
          6.133990e-01
          6.133990e-01
          6.278870e-01
          6.200440e-01
          6.104580e-01
          6.104580e-01
          6.214380e-01
          6.075160e-01
          5.986930e-01
          5.849670e-01
          5.928100e-01
          6.124180e-01
          5.994400e-01
          6.180830e-01
          5.781340e-01
          5.327730e-01
          5.208560e-01
          4.978760e-01
          5.049240e-01
          4.911010e-01
          4.751250e-01
          4.653590e-01
          4.689080e-01
          4.701130e-01
          4.699090e-01
          5.111110e-01
          5.176470e-01
          5.176470e-01
          5.176470e-01
          5.176470e-01
          5.176470e-01
          5.176470e-01
          5.176470e-01
          5.176470e-01
          5.176470e-01
          5.307190e-01
          5.307190e-01
          5.307190e-01
          5.307190e-01
          5.307190e-01
          5.307190e-01
          5.555560e-01
          5.555560e-01
          5.555560e-01
          5.616560e-01
          5.616560e-01
          5.616560e-01
          5.485840e-01
          5.485840e-01
          5.485840e-01
          5.520700e-01
          5.520700e-01
          5.437910e-01
          5.437910e-01
          5.641830e-01
          5.732030e-01
          5.732030e-01
          5.931370e-01
          6.111110e-01
          5.993460e-01
          5.686270e-01
          5.709150e-01
          5.859480e-01
          5.771240e-01
          5.751630e-01
          5.902890e-01
          5.869280e-01
          5.985290e-01
          5.936510e-01
          5.986930e-01
          5.633050e-01
          5.139630e-01
          5.288520e-01
          5.117650e-01
          4.845590e-01
          4.685890e-01
          4.530350e-01
